game.Players.LocalPlayer.Character.HumanoidRootPart.CFrame = CFrame.new(1072.92883, 16.5166454, 1354.30566, -0.987685978, 0, -0.156449527, 0, 1, 0, 0.156449527, 0, -0.987685978)
wait(1)
game.Players.LocalPlayer.Character.HumanoidRootPart.CFrame = CFrame.new(1079.13, 16.27355, 1378.73291, -0.970559239, 0, -0.240862504, 0, 1, 0, 0.240862504, 0, -0.970559239)
wait(1)
game.Players.LocalPlayer.Character.HumanoidRootPart.CFrame = CFrame.new(1079.50244, 16.2736206, 1403.88428, -0.999197423, 0, 0.0400567129, 0, 1, 0, -0.0400567129, 0, -0.999197423)
wait(1)
game.Players.LocalPlayer.Character.HumanoidRootPart.CFrame = CFrame.new(1078.69165, 16.2736206, 1422.32227, 0.536373317, 0, -0.843980849, 0, 1, 0, 0.843980849, 0, 0.536373317)
wait(1)
game.Players.LocalPlayer.Character.HumanoidRootPart.CFrame = CFrame.new(1077.61035, 16.2736206, 1446.90503, -0.999179542, 0, 0.0404994041, 0, 1, 0, -0.0404994041, 0, -0.999179542)
wait(1)
game.Players.LocalPlayer.Character.HumanoidRootPart.CFrame = CFrame.new(1074.56592, 16.2736206, 1464.64502, -0.985834062, 0, 0.167723477, 0, 1, 0, -0.167723477, 0, -0.985834062)
wait(1)
game.Players.LocalPlayer.Character.HumanoidRootPart.CFrame = CFrame.new(1071.85034, 16.2735634, 1480.46289, -0.985641956, 0, 0.168848783, 0, 1, 0, -0.168848783, 0, -0.985641956)
wait(1)
game.Players.LocalPlayer.Character.HumanoidRootPart.CFrame = CFrame.new(1071.85034, 16.2735634, 1480.46289, -0.985641956, 0, 0.168848783, 0, 1, 0, -0.168848783, 0, -0.985641956)
wait(1)
game.Players.LocalPlayer.Character.HumanoidRootPart.CFrame = CFrame.new(1071.85034, 16.2735634, 1480.46289, -0.985641956, 0, 0.168848783, 0, 1, 0, -0.168848783, 0, -0.985641956)
wait(1)
game.Players.LocalPlayer.Character.HumanoidRootPart.CFrame = CFrame.new(1062.56348, 16.5166245, 1534.56946, -0.985639155, 0, 0.168865278, 0, 1, 0, -0.168865278, 0, -0.985639155)
wait(1)
game.Players.LocalPlayer.Character.HumanoidRootPart.CFrame = CFrame.new(1060.27954, 16.4550743, 1547.87427, -0.985639155, 0, 0.168865278, 0, 1, 0, -0.168865278, 0, -0.985639155)







































